COMUNA,TIPO_DELITO,DIA_SEMANA,BLOQUE_HORARIO,NIVEL_RIESGO,CONFIANZA_PREDICCION,PROBABILIDAD_ALTO,PROBABILIDAD_MEDIO,PROBABILIDAD_BAJO,DELITOS_HISTORICOS
Comuna Cabecera del Llano,DELITOS CONTRA LA LIBERTAD,lunes,MADRUGADA,MEDIO,0.5947428362877287,0.012313073971986263,0.5947428362877287,0.39294408974028516,7.0
Comuna Cabecera del Llano,DELITOS CONTRA LA LIBERTAD,lunes,MAÑANA,MEDIO,0.682997169298723,0.20827382995779875,0.682997169298723,0.10872900074347816,16.0
Comuna Cabecera del Llano,DELITOS CONTRA LA LIBERTAD,lunes,TARDE,MEDIO,0.5853462694437419,0.15455147319247592,0.5853462694437419,0.2601022573637819,7.0
Comuna Cabecera del Llano,DELITOS CONTRA LA LIBERTAD,lunes,NOCHE,ALTO,0.48977877054570745,0.48977877054570745,0.328666520394753,0.18155470905953947,0.0
Comuna Cabecera del Llano,DELITOS CONTRA LA LIBERTAD,martes,MADRUGADA,BAJO,0.5770521458673731,0.00813699211981398,0.4148108620128128,0.5770521458673731,4.0
Comuna Cabecera del Llano,DELITOS CONTRA LA LIBERTAD,martes,MAÑANA,MEDIO,0.7987511207837953,0.08507467626570922,0.7987511207837953,0.11617420295049548,13.0
Comuna Cabecera del Llano,DELITOS CONTRA LA LIBERTAD,martes,TARDE,MEDIO,0.6896006392361475,0.100536965511144,0.6896006392361475,0.20986239525270858,10.0
Comuna Cabecera del Llano,DELITOS CONTRA LA LIBERTAD,martes,NOCHE,MEDIO,0.6055514521822422,0.03355847322242555,0.6055514521822422,0.3608900745953324,8.0
Comuna Cabecera del Llano,DELITOS CONTRA LA LIBERTAD,miércoles,MADRUGADA,BAJO,0.592069239437984,0.003130431334785738,0.4048003292272302,0.592069239437984,5.0
Comuna Cabecera del Llano,DELITOS CONTRA LA LIBERTAD,miércoles,MAÑANA,MEDIO,0.8393728919382805,0.06672163831422902,0.8393728919382805,0.09390546974749055,9.0
Comuna Cabecera del Llano,DELITOS CONTRA LA LIBERTAD,miércoles,TARDE,MEDIO,0.7228267180025253,0.08026480518425418,0.7228267180025253,0.19690847681322052,7.0
Comuna Cabecera del Llano,DELITOS CONTRA LA LIBERTAD,miércoles,NOCHE,MEDIO,0.6551510494013045,0.029677657161714655,0.6551510494013045,0.31517129343698075,4.0
Comuna Cabecera del Llano,DELITOS CONTRA LA LIBERTAD,jueves,MADRUGADA,MEDIO,0.5011613618756038,0.012438441536874123,0.5011613618756038,0.4864001965875219,7.0
Comuna Cabecera del Llano,DELITOS CONTRA LA LIBERTAD,jueves,MAÑANA,MEDIO,0.6267556999722662,0.13852183414138697,0.6267556999722662,0.23472246588634693,17.0
Comuna Cabecera del Llano,DELITOS CONTRA LA LIBERTAD,jueves,TARDE,MEDIO,0.4449692479421507,0.12687853714231928,0.4449692479421507,0.42815221491552996,6.0
Comuna Cabecera del Llano,DELITOS CONTRA LA LIBERTAD,jueves,NOCHE,BAJO,0.5247925622829144,0.038152315607027296,0.43705512211005826,0.5247925622829144,4.0
Comuna Cabecera del Llano,DELITOS CONTRA LA LIBERTAD,viernes,MADRUGADA,BAJO,0.5550298380040081,0.012359352157784125,0.43261080983820777,0.5550298380040081,4.0
Comuna Cabecera del Llano,DELITOS CONTRA LA LIBERTAD,viernes,MAÑANA,MEDIO,0.8263769750029063,0.10685701211176946,0.8263769750029063,0.0667660128853242,17.0
Comuna Cabecera del Llano,DELITOS CONTRA LA LIBERTAD,viernes,TARDE,MEDIO,0.7239145428663687,0.08997336577462038,0.7239145428663687,0.18611209135901063,11.0
Comuna Cabecera del Llano,DELITOS CONTRA LA LIBERTAD,viernes,NOCHE,MEDIO,0.7132762673154045,0.05594956998095522,0.7132762673154045,0.23077416270364026,8.0
Comuna Cabecera del Llano,DELITOS CONTRA LA LIBERTAD,sábado,MADRUGADA,BAJO,0.6454084931062545,0.0015084690566664655,0.35308303783707906,0.6454084931062545,6.0
Comuna Cabecera del Llano,DELITOS CONTRA LA LIBERTAD,sábado,MAÑANA,MEDIO,0.7961691729404099,0.05998686530218029,0.7961691729404099,0.14384396175740968,9.0
Comuna Cabecera del Llano,DELITOS CONTRA LA LIBERTAD,sábado,TARDE,MEDIO,0.6710645207525476,0.05503245442916004,0.6710645207525476,0.2739030248182923,16.0
Comuna Cabecera del Llano,DELITOS CONTRA LA LIBERTAD,sábado,NOCHE,MEDIO,0.6660201818640457,0.03438464193909879,0.6660201818640457,0.2995951761968558,1.0
Comuna Cabecera del Llano,DELITOS CONTRA LA LIBERTAD,domingo,MADRUGADA,BAJO,0.5812922415999102,0.0028409591783626637,0.415866799221727,0.5812922415999102,4.0
Comuna Cabecera del Llano,DELITOS CONTRA LA LIBERTAD,domingo,MAÑANA,MEDIO,0.5522053745840512,0.05315418857148769,0.5522053745840512,0.39464043684446104,5.0
Comuna Cabecera del Llano,DELITOS CONTRA LA LIBERTAD,domingo,TARDE,BAJO,0.48438997197536154,0.05750447120075641,0.45810555682388204,0.48438997197536154,3.0
Comuna Cabecera del Llano,DELITOS CONTRA LA LIBERTAD,domingo,NOCHE,BAJO,0.5478928767327119,0.014492368466505928,0.43761475480078227,0.5478928767327119,5.0
Comuna Cabecera del Llano,DELITOS CONTRA LA SEGURIDAD PUBLICA,lunes,MADRUGADA,ALTO,0.39894481411654864,0.39894481411654864,0.3456299597919326,0.25542522609151863,0.0
Comuna Cabecera del Llano,DELITOS CONTRA LA SEGURIDAD PUBLICA,lunes,MAÑANA,ALTO,0.48703380907008464,0.48703380907008464,0.36331752419163366,0.14964866673828164,0.0
Comuna Cabecera del Llano,DELITOS CONTRA LA SEGURIDAD PUBLICA,lunes,TARDE,ALTO,0.4863177281954353,0.4863177281954353,0.3266882474091496,0.18699402439541507,0.0
Comuna Cabecera del Llano,DELITOS CONTRA LA SEGURIDAD PUBLICA,lunes,NOCHE,ALTO,0.48910832327597364,0.48910832327597364,0.32475544143112905,0.18613623529289725,0.0
Comuna Cabecera del Llano,DELITOS CONTRA LA SEGURIDAD PUBLICA,martes,MADRUGADA,ALTO,0.38041779428980754,0.38041779428980754,0.3604342937755266,0.25914791193466574,0.0
Comuna Cabecera del Llano,DELITOS CONTRA LA SEGURIDAD PUBLICA,martes,MAÑANA,ALTO,0.4849074932226544,0.4849074932226544,0.3682972308079989,0.14679527596934658,0.0
Comuna Cabecera del Llano,DELITOS CONTRA LA SEGURIDAD PUBLICA,martes,TARDE,ALTO,0.48928375158162707,0.48928375158162707,0.33155236721916337,0.17916388119920945,0.0
Comuna Cabecera del Llano,DELITOS CONTRA LA SEGURIDAD PUBLICA,martes,NOCHE,ALTO,0.4920743466621655,0.4920743466621655,0.321386510571546,0.18653914276628852,0.0
Comuna Cabecera del Llano,DELITOS CONTRA LA SEGURIDAD PUBLICA,miércoles,MADRUGADA,MEDIO,0.38245791303478804,0.3761020625871079,0.38245791303478804,0.24144002437810402,0.0
Comuna Cabecera del Llano,DELITOS CONTRA LA SEGURIDAD PUBLICA,miércoles,MAÑANA,ALTO,0.4916246509262476,0.4916246509262476,0.3847114092721426,0.12366393980160961,0.0
Comuna Cabecera del Llano,DELITOS CONTRA LA SEGURIDAD PUBLICA,miércoles,TARDE,ALTO,0.49739406107366363,0.49739406107366363,0.354647693551102,0.14795824537523425,0.0
Comuna Cabecera del Llano,DELITOS CONTRA LA SEGURIDAD PUBLICA,miércoles,NOCHE,ALTO,0.49780457931512884,0.49780457931512884,0.34442905248664396,0.157766368198227,0.0
Comuna Cabecera del Llano,DELITOS CONTRA LA SEGURIDAD PUBLICA,jueves,MADRUGADA,ALTO,0.3861647457127488,0.3861647457127488,0.3695896179254994,0.24424563636175184,0.0
Comuna Cabecera del Llano,DELITOS CONTRA LA SEGURIDAD PUBLICA,jueves,MAÑANA,ALTO,0.4942159321981283,0.4942159321981283,0.36799078790403106,0.1377932798978404,0.0
Comuna Cabecera del Llano,DELITOS CONTRA LA SEGURIDAD PUBLICA,jueves,TARDE,ALTO,0.4982028441442297,0.4982028441442297,0.3309161557309522,0.1708810001248181,0.0
Comuna Cabecera del Llano,DELITOS CONTRA LA SEGURIDAD PUBLICA,jueves,NOCHE,BAJO,0.7278056972590484,0.011758358475066453,0.26043594426588507,0.7278056972590484,1.0
Comuna Cabecera del Llano,DELITOS CONTRA LA SEGURIDAD PUBLICA,viernes,MADRUGADA,ALTO,0.404144450830036,0.404144450830036,0.3700708509989213,0.22578469817104282,0.0
Comuna Cabecera del Llano,DELITOS CONTRA LA SEGURIDAD PUBLICA,viernes,MAÑANA,ALTO,0.4944137278758698,0.4944137278758698,0.4021625325465491,0.10342373957758098,0.0
Comuna Cabecera del Llano,DELITOS CONTRA LA SEGURIDAD PUBLICA,viernes,TARDE,ALTO,0.5074475829053791,0.5074475829053791,0.3622014203167226,0.13035099677789824,0.0
Comuna Cabecera del Llano,DELITOS CONTRA LA SEGURIDAD PUBLICA,viernes,NOCHE,ALTO,0.5054999828877894,0.5054999828877894,0.3573872199534879,0.1371127971587226,0.0
Comuna Cabecera del Llano,DELITOS CONTRA LA SEGURIDAD PUBLICA,sábado,MADRUGADA,ALTO,0.3981915121666805,0.3981915121666805,0.3371169360691698,0.26469155176414977,0.0
Comuna Cabecera del Llano,DELITOS CONTRA LA SEGURIDAD PUBLICA,sábado,MAÑANA,ALTO,0.49808600046733853,0.49808600046733853,0.3647717409091188,0.13714225862354254,0.0
Comuna Cabecera del Llano,DELITOS CONTRA LA SEGURIDAD PUBLICA,sábado,TARDE,ALTO,0.5060674797016087,0.5060674797016087,0.33741474576046293,0.15651777453792834,0.0
Comuna Cabecera del Llano,DELITOS CONTRA LA SEGURIDAD PUBLICA,sábado,NOCHE,ALTO,0.5097233801044474,0.5097233801044474,0.33070218398269696,0.15957443591285547,0.0
Comuna Cabecera del Llano,DELITOS CONTRA LA SEGURIDAD PUBLICA,domingo,MADRUGADA,ALTO,0.40582988536636927,0.40582988536636927,0.3089724559960125,0.2851976586376183,0.0
Comuna Cabecera del Llano,DELITOS CONTRA LA SEGURIDAD PUBLICA,domingo,MAÑANA,ALTO,0.47967228253317495,0.47967228253317495,0.3474778552147436,0.1728498622520814,0.0
Comuna Cabecera del Llano,DELITOS CONTRA LA SEGURIDAD PUBLICA,domingo,TARDE,ALTO,0.4857306937277246,0.4857306937277246,0.31766036620077814,0.19660894007149715,0.0
Comuna Cabecera del Llano,DELITOS CONTRA LA SEGURIDAD PUBLICA,domingo,NOCHE,ALTO,0.4961644787951743,0.4961644787951743,0.3095280667174698,0.19430745448735587,0.0
Comuna Cabecera del Llano,DELITOS SEXUALES,lunes,MADRUGADA,MEDIO,0.6317304438891298,0.0066817031061210865,0.6317304438891298,0.3615878530047493,7.0
Comuna Cabecera del Llano,DELITOS SEXUALES,lunes,MAÑANA,MEDIO,0.7511573989578489,0.08477499072328168,0.7511573989578489,0.16406761031886938,8.0
Comuna Cabecera del Llano,DELITOS SEXUALES,lunes,TARDE,MEDIO,0.54942439273664,0.060452602522685764,0.54942439273664,0.39012300474067435,6.0
Comuna Cabecera del Llano,DELITOS SEXUALES,lunes,NOCHE,MEDIO,0.49324471845766615,0.019308419451147182,0.49324471845766615,0.4874468620911867,5.0
Comuna Cabecera del Llano,DELITOS SEXUALES,martes,MADRUGADA,BAJO,0.552285193190339,0.008369565996691867,0.43934524081296905,0.552285193190339,2.0
Comuna Cabecera del Llano,DELITOS SEXUALES,martes,MAÑANA,MEDIO,0.7120403481396507,0.055231092261158424,0.7120403481396507,0.23272855959919123,8.0
Comuna Cabecera del Llano,DELITOS SEXUALES,martes,TARDE,MEDIO,0.6092096982910045,0.03757585601906391,0.6092096982910045,0.35321444568993177,6.0
Comuna Cabecera del Llano,DELITOS SEXUALES,martes,NOCHE,BAJO,0.4985211318943689,0.01809993046134659,0.4833789376442846,0.4985211318943689,6.0
Comuna Cabecera del Llano,DELITOS SEXUALES,miércoles,MADRUGADA,MEDIO,0.6068274736727178,0.0,0.6068274736727178,0.3931725263272823,4.0
Comuna Cabecera del Llano,DELITOS SEXUALES,miércoles,MAÑANA,MEDIO,0.8614212780119144,0.041102781241703884,0.8614212780119144,0.0974759407463819,7.0
Comuna Cabecera del Llano,DELITOS SEXUALES,miércoles,TARDE,MEDIO,0.779090918923302,0.018531612500299676,0.779090918923302,0.20237746857639816,10.0
Comuna Cabecera del Llano,DELITOS SEXUALES,miércoles,NOCHE,MEDIO,0.7099194332802372,0.011509550617024437,0.7099194332802372,0.27857101610273827,7.0
Comuna Cabecera del Llano,DELITOS SEXUALES,jueves,MADRUGADA,MEDIO,0.3888920373591148,0.3861647457127488,0.3888920373591148,0.22494321692813632,0.0
Comuna Cabecera del Llano,DELITOS SEXUALES,jueves,MAÑANA,MEDIO,0.7301335683750506,0.042687119056217276,0.7301335683750506,0.22717931256873247,7.0
Comuna Cabecera del Llano,DELITOS SEXUALES,jueves,TARDE,MEDIO,0.4755316005628534,0.05326534956291837,0.4755316005628534,0.4712030498742282,5.0
Comuna Cabecera del Llano,DELITOS SEXUALES,jueves,NOCHE,BAJO,0.5397450495837541,0.014542657349562655,0.4457122930666831,0.5397450495837541,7.0
Comuna Cabecera del Llano,DELITOS SEXUALES,viernes,MADRUGADA,MEDIO,0.5662755562831963,0.0016791240276370157,0.5662755562831963,0.43204531968916654,4.0
Comuna Cabecera del Llano,DELITOS SEXUALES,viernes,MAÑANA,MEDIO,0.841797428971715,0.07120269361562866,0.841797428971715,0.08699987741265637,8.0
Comuna Cabecera del Llano,DELITOS SEXUALES,viernes,TARDE,MEDIO,0.7525085137531355,0.06819112992887529,0.7525085137531355,0.17930035631798893,7.0
Comuna Cabecera del Llano,DELITOS SEXUALES,viernes,NOCHE,MEDIO,0.7700549781619566,0.04311545480676052,0.7700549781619566,0.1868295670312829,10.0
Comuna Cabecera del Llano,DELITOS SEXUALES,sábado,MADRUGADA,BAJO,0.5147997388407335,0.0037146815290037614,0.4814855796302626,0.5147997388407335,6.0
Comuna Cabecera del Llano,DELITOS SEXUALES,sábado,MAÑANA,MEDIO,0.7552945836019397,0.07423459929014653,0.7552945836019397,0.17047081710791356,9.0
Comuna Cabecera del Llano,DELITOS SEXUALES,sábado,TARDE,MEDIO,0.6479907474960831,0.06397109241510912,0.6479907474960831,0.2880381600888078,5.0
Comuna Cabecera del Llano,DELITOS SEXUALES,sábado,NOCHE,MEDIO,0.6869714171649117,0.04570902006067473,0.6869714171649117,0.2673195627744138,6.0
Comuna Cabecera del Llano,DELITOS SEXUALES,domingo,MADRUGADA,MEDIO,0.553350303844141,0.000997268452078173,0.553350303844141,0.44565242770378105,12.0
Comuna Cabecera del Llano,DELITOS SEXUALES,domingo,MAÑANA,MEDIO,0.5967467772631465,0.01817928430537141,0.5967467772631465,0.38507393843148224,5.0
Comuna Cabecera del Llano,DELITOS SEXUALES,domingo,TARDE,BAJO,0.5422199910778874,0.022126393795089162,0.43565361512702333,0.5422199910778874,3.0
Comuna Cabecera del Llano,DELITOS SEXUALES,domingo,NOCHE,BAJO,0.5768598633061012,0.005957271582856274,0.41718286511104274,0.5768598633061012,2.0
Comuna Cabecera del Llano,HOMICIDIOS,lunes,MADRUGADA,BAJO,0.8626433482521473,0.0,0.13735665174785264,0.8626433482521473,3.0
Comuna Cabecera del Llano,HOMICIDIOS,lunes,MAÑANA,BAJO,0.9175912038303399,0.002466851958913707,0.0799419442107463,0.9175912038303399,1.0
Comuna Cabecera del Llano,HOMICIDIOS,lunes,TARDE,BAJO,0.953671424548111,0.0,0.04632857545188904,0.953671424548111,1.0
Comuna Cabecera del Llano,HOMICIDIOS,lunes,NOCHE,BAJO,0.9082007246881477,0.00011495998056993603,0.09168431533128255,0.9082007246881477,4.0
Comuna Cabecera del Llano,HOMICIDIOS,martes,MADRUGADA,BAJO,0.964108829298799,0.0,0.03589117070120115,0.964108829298799,1.0
Comuna Cabecera del Llano,HOMICIDIOS,martes,MAÑANA,ALTO,0.47839643910811025,0.47839643910811025,0.2586124714462976,0.2629910894455922,0.0
Comuna Cabecera del Llano,HOMICIDIOS,martes,TARDE,ALTO,0.4770110020846605,0.4770110020846605,0.23802310376511676,0.28496589415022267,0.0
Comuna Cabecera del Llano,HOMICIDIOS,martes,NOCHE,BAJO,0.9259136229491023,0.002328474000398581,0.07175790305049905,0.9259136229491023,3.0
Comuna Cabecera del Llano,HOMICIDIOS,miércoles,MADRUGADA,ALTO,0.3752754163086232,0.3752754163086232,0.2813885458641958,0.3433360378271811,0.0
Comuna Cabecera del Llano,HOMICIDIOS,miércoles,MAÑANA,BAJO,0.9350949599274295,0.0,0.0649050400725705,0.9350949599274295,1.0
Comuna Cabecera del Llano,HOMICIDIOS,miércoles,TARDE,ALTO,0.48502432282836394,0.48502432282836394,0.255855416200665,0.25912026097097096,0.0
Comuna Cabecera del Llano,HOMICIDIOS,miércoles,NOCHE,ALTO,0.494891696798236,0.494891696798236,0.2631964831006563,0.2419118201011075,0.0
Comuna Cabecera del Llano,HOMICIDIOS,jueves,MADRUGADA,BAJO,0.9209957469289703,0.0,0.07900425307102953,0.9209957469289703,1.0
Comuna Cabecera del Llano,HOMICIDIOS,jueves,MAÑANA,BAJO,0.963983102972622,0.0008472104025085334,0.03516968662486931,0.963983102972622,1.0
Comuna Cabecera del Llano,HOMICIDIOS,jueves,TARDE,BAJO,0.9562479573469913,0.0,0.04375204265300844,0.9562479573469913,1.0
Comuna Cabecera del Llano,HOMICIDIOS,jueves,NOCHE,BAJO,0.8660104718588063,0.0008334952652281787,0.13315603287596556,0.8660104718588063,3.0
Comuna Cabecera del Llano,HOMICIDIOS,viernes,MADRUGADA,BAJO,0.933001103082418,0.0,0.06699889691758192,0.933001103082418,1.0
Comuna Cabecera del Llano,HOMICIDIOS,viernes,MAÑANA,BAJO,0.9255902802758617,0.0010495070571946105,0.07336021266694363,0.9255902802758617,2.0
Comuna Cabecera del Llano,HOMICIDIOS,viernes,TARDE,BAJO,0.9321754847561056,0.0,0.06782451524389424,0.9321754847561056,1.0
Comuna Cabecera del Llano,HOMICIDIOS,viernes,NOCHE,BAJO,0.8226030523241883,0.006234141807574884,0.17116280586823676,0.8226030523241883,2.0
Comuna Cabecera del Llano,HOMICIDIOS,sábado,MADRUGADA,BAJO,0.9387982593070396,0.0,0.06120174069296037,0.9387982593070396,2.0
Comuna Cabecera del Llano,HOMICIDIOS,sábado,MAÑANA,BAJO,0.9281517810852397,0.0,0.07184821891476048,0.9281517810852397,2.0
Comuna Cabecera del Llano,HOMICIDIOS,sábado,TARDE,BAJO,0.9122080220922426,0.0026170972871099323,0.08517488062064746,0.9122080220922426,1.0
Comuna Cabecera del Llano,HOMICIDIOS,sábado,NOCHE,BAJO,0.7693948048051092,0.016661034371979827,0.21394416082291084,0.7693948048051092,4.0
Comuna Cabecera del Llano,HOMICIDIOS,domingo,MADRUGADA,BAJO,0.8046555066459004,0.0,0.1953444933540996,0.8046555066459004,1.0
Comuna Cabecera del Llano,HOMICIDIOS,domingo,MAÑANA,BAJO,0.7742425178716047,0.0008472104025085334,0.22491027172588648,0.7742425178716047,2.0
Comuna Cabecera del Llano,HOMICIDIOS,domingo,TARDE,BAJO,0.755679322531773,0.0,0.24432067746822672,0.755679322531773,3.0
Comuna Cabecera del Llano,HOMICIDIOS,domingo,NOCHE,BAJO,0.7328582033938147,0.0008334952652281787,0.2663083013409569,0.7328582033938147,4.0
Comuna Cabecera del Llano,HURTOS,lunes,MADRUGADA,ALTO,0.9651094032667719,0.9651094032667719,0.03186025679345608,0.0030303399397721663,211.0
Comuna Cabecera del Llano,HURTOS,lunes,MAÑANA,ALTO,0.9773071877215255,0.9773071877215255,0.020991697077167543,0.0017011152013070507,428.0
Comuna Cabecera del Llano,HURTOS,lunes,TARDE,ALTO,0.9806288995868637,0.9806288995868637,0.012517854259746462,0.006853246153389864,368.0
Comuna Cabecera del Llano,HURTOS,lunes,NOCHE,ALTO,0.9758690700640084,0.9758690700640084,0.024130929935991627,0.0,327.0
Comuna Cabecera del Llano,HURTOS,martes,MADRUGADA,ALTO,0.9609028673960279,0.9609028673960279,0.03707020625129448,0.002026926352677703,167.0
Comuna Cabecera del Llano,HURTOS,martes,MAÑANA,ALTO,0.9756529652367253,0.9756529652367253,0.024347034763274645,0.0,469.0
Comuna Cabecera del Llano,HURTOS,martes,TARDE,ALTO,0.9863194754005046,0.9863194754005046,0.011072795962319646,0.002607728637175609,405.0
Comuna Cabecera del Llano,HURTOS,martes,NOCHE,ALTO,0.9746713824240945,0.9746713824240945,0.02532861757590549,0.0,467.0
Comuna Cabecera del Llano,HURTOS,miércoles,MADRUGADA,ALTO,0.9672296708500361,0.9672296708500361,0.03277032914996393,0.0,161.0
Comuna Cabecera del Llano,HURTOS,miércoles,MAÑANA,ALTO,0.9849958461206164,0.9849958461206164,0.009784092466896233,0.005220061412487206,465.0
Comuna Cabecera del Llano,HURTOS,miércoles,TARDE,ALTO,0.9781382281424398,0.9781382281424398,0.00836589610432075,0.013495875753239583,425.0
Comuna Cabecera del Llano,HURTOS,miércoles,NOCHE,ALTO,0.9878803401515797,0.9878803401515797,0.01211965984842031,0.0,458.0
Comuna Cabecera del Llano,HURTOS,jueves,MADRUGADA,ALTO,0.9740611761155606,0.9740611761155606,0.02199080105495537,0.00394802282948385,201.0
Comuna Cabecera del Llano,HURTOS,jueves,MAÑANA,ALTO,0.9827574135944981,0.9827574135944981,0.013920940160034083,0.00332164624546779,441.0
Comuna Cabecera del Llano,HURTOS,jueves,TARDE,ALTO,0.9826626402614994,0.9826626402614994,0.010606827508546796,0.0067305322299538424,373.0
Comuna Cabecera del Llano,HURTOS,jueves,NOCHE,ALTO,0.9824505883750454,0.9824505883750454,0.01390195422811611,0.0036474573968384417,470.0
Comuna Cabecera del Llano,HURTOS,viernes,MADRUGADA,ALTO,0.9680499331588122,0.9680499331588122,0.023776967143565596,0.008173099697622043,324.0
Comuna Cabecera del Llano,HURTOS,viernes,MAÑANA,ALTO,0.9852776754367953,0.9852776754367953,0.011413994130796096,0.003308330432408496,471.0
Comuna Cabecera del Llano,HURTOS,viernes,TARDE,ALTO,0.9769003477191411,0.9769003477191411,0.010047552908304747,0.013052099372554266,422.0
Comuna Cabecera del Llano,HURTOS,viernes,NOCHE,ALTO,0.9907324935439603,0.9907324935439603,0.008627935835248157,0.0006395706207915421,556.0
Comuna Cabecera del Llano,HURTOS,sábado,MADRUGADA,ALTO,0.9656838192452308,0.9656838192452308,0.024404780659093156,0.009911400095675947,431.0
Comuna Cabecera del Llano,HURTOS,sábado,MAÑANA,ALTO,0.9761956876339231,0.9761956876339231,0.0057772512681770315,0.01802706109789987,418.0
Comuna Cabecera del Llano,HURTOS,sábado,TARDE,ALTO,0.9676306765451619,0.9676306765451619,0.007851644057045644,0.024517679397792543,411.0
Comuna Cabecera del Llano,HURTOS,sábado,NOCHE,ALTO,0.9782407147029479,0.9782407147029479,0.006245248666536135,0.01551403663051587,461.0
Comuna Cabecera del Llano,HURTOS,domingo,MADRUGADA,ALTO,0.9678406197993192,0.9678406197993192,0.028252260804860905,0.003907119395819867,467.0
Comuna Cabecera del Llano,HURTOS,domingo,MAÑANA,ALTO,0.9718201017842388,0.9718201017842388,0.027540327594969664,0.0006395706207915421,204.0
Comuna Cabecera del Llano,HURTOS,domingo,TARDE,ALTO,0.9734548974853706,0.9734548974853706,0.025905531893837846,0.0006395706207915421,177.0
Comuna Cabecera del Llano,HURTOS,domingo,NOCHE,ALTO,0.9692745536463737,0.9692745536463737,0.02702587771201656,0.003699568641609712,213.0
Comuna Cabecera del Llano,LESIONES,lunes,MADRUGADA,ALTO,0.6829626191715507,0.6829626191715507,0.301966577040671,0.015070803787778378,37.0
Comuna Cabecera del Llano,LESIONES,lunes,MAÑANA,ALTO,0.9463899070231468,0.9463899070231468,0.048809957174419695,0.00480013580243328,41.0
Comuna Cabecera del Llano,LESIONES,lunes,TARDE,ALTO,0.940256222566681,0.940256222566681,0.058224439372614185,0.0015193380607047555,43.0
Comuna Cabecera del Llano,LESIONES,lunes,NOCHE,ALTO,0.936756683541423,0.936756683541423,0.05902662176840558,0.00421669469017138,38.0
Comuna Cabecera del Llano,LESIONES,martes,MADRUGADA,ALTO,0.5326535868135288,0.5326535868135288,0.45121756753076353,0.016128845655707828,13.0
Comuna Cabecera del Llano,LESIONES,martes,MAÑANA,ALTO,0.9473118900401694,0.9473118900401694,0.05268810995983048,0.0,39.0
Comuna Cabecera del Llano,LESIONES,martes,TARDE,ALTO,0.9450541005497964,0.9450541005497964,0.05204205655592619,0.002903842894277241,35.0
Comuna Cabecera del Llano,LESIONES,martes,NOCHE,ALTO,0.9398806558009142,0.9398806558009142,0.05911593061199128,0.0010034135870944636,43.0
Comuna Cabecera del Llano,LESIONES,miércoles,MADRUGADA,MEDIO,0.532497581723462,0.45509583504639195,0.532497581723462,0.012406583230146054,16.0
Comuna Cabecera del Llano,LESIONES,miércoles,MAÑANA,ALTO,0.925815174855077,0.925815174855077,0.07284828580469553,0.0013365393402272922,51.0
Comuna Cabecera del Llano,LESIONES,miércoles,TARDE,ALTO,0.9546092882254246,0.9546092882254246,0.04196163998036655,0.0034290717942089786,45.0
Comuna Cabecera del Llano,LESIONES,miércoles,NOCHE,ALTO,0.9363750805598221,0.9363750805598221,0.06002189434801918,0.0036030250921589126,37.0
Comuna Cabecera del Llano,LESIONES,jueves,MADRUGADA,ALTO,0.6010692542593784,0.6010692542593784,0.38077626212646054,0.018154483614161106,38.0
Comuna Cabecera del Llano,LESIONES,jueves,MAÑANA,ALTO,0.9576393175644757,0.9576393175644757,0.042360682435524113,0.0,49.0
Comuna Cabecera del Llano,LESIONES,jueves,TARDE,ALTO,0.9539826631168731,0.9539826631168731,0.04601733688312695,0.0,58.0
Comuna Cabecera del Llano,LESIONES,jueves,NOCHE,ALTO,0.9425035277136928,0.9425035277136928,0.056493058699212825,0.0010034135870944636,43.0
Comuna Cabecera del Llano,LESIONES,viernes,MADRUGADA,ALTO,0.7053309055419266,0.7053309055419266,0.26939770006459723,0.025271394393476237,38.0
Comuna Cabecera del Llano,LESIONES,viernes,MAÑANA,ALTO,0.941856142273327,0.941856142273327,0.05814385772667295,0.0,45.0
Comuna Cabecera del Llano,LESIONES,viernes,TARDE,ALTO,0.9592520998382795,0.9592520998382795,0.03529772662613212,0.005450173535588365,44.0
Comuna Cabecera del Llano,LESIONES,viernes,NOCHE,ALTO,0.9489657967895511,0.9489657967895511,0.051034203210449026,0.0,54.0
Comuna Cabecera del Llano,LESIONES,sábado,MADRUGADA,ALTO,0.7289939766987312,0.7289939766987312,0.2478698324056932,0.02313619089557565,63.0
Comuna Cabecera del Llano,LESIONES,sábado,MAÑANA,ALTO,0.9273102861919632,0.9273102861919632,0.07268971380803692,0.0,58.0
Comuna Cabecera del Llano,LESIONES,sábado,TARDE,ALTO,0.9570632821594905,0.9570632821594905,0.04003287494623222,0.002903842894277241,44.0
Comuna Cabecera del Llano,LESIONES,sábado,NOCHE,ALTO,0.9534962306452168,0.9534962306452168,0.04650376935478331,0.0,44.0
Comuna Cabecera del Llano,LESIONES,domingo,MADRUGADA,ALTO,0.7727419291145129,0.7727419291145129,0.21350863210503623,0.013749438780450903,119.0
Comuna Cabecera del Llano,LESIONES,domingo,MAÑANA,ALTO,0.929291825044051,0.929291825044051,0.06838499274671993,0.002323182209229101,27.0
Comuna Cabecera del Llano,LESIONES,domingo,TARDE,ALTO,0.9521746280321287,0.9521746280321287,0.04782537196787126,0.0,26.0
Comuna Cabecera del Llano,LESIONES,domingo,NOCHE,ALTO,0.9460235927896916,0.9460235927896916,0.052972993623213914,0.0010034135870944636,56.0
Comuna Cabecera del Llano,OTROS DELITOS,lunes,MADRUGADA,ALTO,0.5994014045144587,0.5994014045144587,0.36439939212618555,0.036199203359355815,0.0
Comuna Cabecera del Llano,OTROS DELITOS,lunes,MAÑANA,ALTO,0.7841075902381496,0.7841075902381496,0.199517166067909,0.016375243693941333,0.0
Comuna Cabecera del Llano,OTROS DELITOS,lunes,TARDE,ALTO,0.763652955049677,0.763652955049677,0.22706455992478378,0.009282485025539265,0.0
Comuna Cabecera del Llano,OTROS DELITOS,lunes,NOCHE,ALTO,0.7890890775393008,0.7890890775393008,0.20131464245098193,0.00959628000971732,0.0
Comuna Cabecera del Llano,OTROS DELITOS,martes,MADRUGADA,ALTO,0.5711167362558177,0.5711167362558177,0.38778620066250613,0.04109706308167617,0.0
Comuna Cabecera del Llano,OTROS DELITOS,martes,MAÑANA,ALTO,0.7934405409093159,0.7934405409093159,0.18679162319165601,0.019767835899027975,0.0
Comuna Cabecera del Llano,OTROS DELITOS,martes,TARDE,ALTO,0.7644040243333395,0.7644040243333395,0.22489047377657173,0.01070550189008873,0.0
Comuna Cabecera del Llano,OTROS DELITOS,martes,NOCHE,ALTO,0.7984220282104671,0.7984220282104671,0.1885890995747289,0.012988872214803961,0.0
Comuna Cabecera del Llano,OTROS DELITOS,miércoles,MADRUGADA,ALTO,0.5737191236586744,0.5737191236586744,0.37729279278319533,0.048988083558130266,0.0
Comuna Cabecera del Llano,OTROS DELITOS,miércoles,MAÑANA,ALTO,0.7951079782093293,0.7951079782093293,0.184488677532903,0.020403344257767523,0.0
Comuna Cabecera del Llano,OTROS DELITOS,miércoles,TARDE,ALTO,0.8022563341376174,0.8022563341376174,0.18738633493992385,0.01035733092245879,0.0
Comuna Cabecera del Llano,OTROS DELITOS,miércoles,NOCHE,ALTO,0.8082472302445649,0.8082472302445649,0.17958933054352041,0.01216343921191474,0.0
Comuna Cabecera del Llano,OTROS DELITOS,jueves,MADRUGADA,ALTO,0.598269095694551,0.598269095694551,0.3611846018154407,0.040546302490008304,0.0
Comuna Cabecera del Llano,OTROS DELITOS,jueves,MAÑANA,ALTO,0.8056849316186201,0.8056849316186201,0.17832958635683974,0.015985482024540046,0.0
Comuna Cabecera del Llano,OTROS DELITOS,jueves,TARDE,ALTO,0.8058364653710401,0.8058364653710401,0.18985802672834118,0.004305507900618707,0.0
Comuna Cabecera del Llano,OTROS DELITOS,jueves,NOCHE,ALTO,0.8103580683571308,0.8103580683571308,0.18189635466418205,0.007745576978687261,0.0
Comuna Cabecera del Llano,OTROS DELITOS,viernes,MADRUGADA,ALTO,0.6615089242547445,0.6615089242547445,0.28633609095739365,0.05215498478786195,0.0
Comuna Cabecera del Llano,OTROS DELITOS,viernes,MAÑANA,ALTO,0.8119641541353253,0.8119641541353253,0.16840379511179673,0.01963205075287792,0.0
Comuna Cabecera del Llano,OTROS DELITOS,viernes,TARDE,ALTO,0.8236254564991183,0.8236254564991183,0.1675844073641451,0.008790136136736694,0.0
Comuna Cabecera del Llano,OTROS DELITOS,viernes,NOCHE,ALTO,0.8222043203214912,0.8222043203214912,0.16640353397148386,0.01139214570702514,0.0
Comuna Cabecera del Llano,OTROS DELITOS,sábado,MADRUGADA,ALTO,0.6770048613793924,0.6770048613793924,0.2835056588358944,0.03948947978471328,0.0
Comuna Cabecera del Llano,OTROS DELITOS,sábado,MAÑANA,ALTO,0.8148326640256043,0.8148326640256043,0.16762419023454395,0.017543145739851752,0.0
Comuna Cabecera del Llano,OTROS DELITOS,sábado,TARDE,ALTO,0.8266561196795318,0.8266561196795318,0.1645537441837315,0.008790136136736694,0.0
Comuna Cabecera del Llano,OTROS DELITOS,sábado,NOCHE,ALTO,0.8252349835019046,0.8252349835019046,0.16337287079107024,0.01139214570702514,0.0
Comuna Cabecera del Llano,OTROS DELITOS,domingo,MADRUGADA,ALTO,0.6882569909640729,0.6882569909640729,0.28147754982723155,0.0302654592086957,0.0
Comuna Cabecera del Llano,OTROS DELITOS,domingo,MAÑANA,ALTO,0.819221924588052,0.819221924588052,0.16656285915486088,0.014215216257087084,0.0
Comuna Cabecera del Llano,OTROS DELITOS,domingo,TARDE,ALTO,0.8244095545978609,0.8244095545978609,0.17012823874816704,0.005462206653972028,0.0
Comuna Cabecera del Llano,OTROS DELITOS,domingo,NOCHE,ALTO,0.8294198682671704,0.8294198682671704,0.16251591550856923,0.008064216224260474,0.0
Comuna Cabecera del Llano,VIOLENCIA INTRAFAMILIAR,lunes,MADRUGADA,MEDIO,0.5927147754018762,0.3857259901719066,0.5927147754018762,0.0215592344262175,16.0
Comuna Cabecera del Llano,VIOLENCIA INTRAFAMILIAR,lunes,MAÑANA,ALTO,0.609626705451848,0.609626705451848,0.3863005232431555,0.004072771304996525,29.0
Comuna Cabecera del Llano,VIOLENCIA INTRAFAMILIAR,lunes,TARDE,MEDIO,0.6922920194723686,0.3057852399824422,0.6922920194723686,0.0019227405451890034,22.0
Comuna Cabecera del Llano,VIOLENCIA INTRAFAMILIAR,lunes,NOCHE,MEDIO,0.7204009171622785,0.2769975167426906,0.7204009171622785,0.0026015660950311215,22.0
Comuna Cabecera del Llano,VIOLENCIA INTRAFAMILIAR,martes,MADRUGADA,MEDIO,0.665167594654547,0.2952187582511041,0.665167594654547,0.039613647094348815,12.0
Comuna Cabecera del Llano,VIOLENCIA INTRAFAMILIAR,martes,MAÑANA,ALTO,0.6231895248686143,0.6231895248686143,0.37447433060627006,0.0023361445251157665,32.0
Comuna Cabecera del Llano,VIOLENCIA INTRAFAMILIAR,martes,TARDE,MEDIO,0.6692640628203018,0.3278798007149447,0.6692640628203018,0.002856136464753263,19.0
Comuna Cabecera del Llano,VIOLENCIA INTRAFAMILIAR,martes,NOCHE,MEDIO,0.668550765150826,0.32743549952354656,0.668550765150826,0.004013735325627472,19.0
Comuna Cabecera del Llano,VIOLENCIA INTRAFAMILIAR,miércoles,MADRUGADA,MEDIO,0.8319731856698371,0.1435360058981739,0.8319731856698371,0.02449080843198903,15.0
Comuna Cabecera del Llano,VIOLENCIA INTRAFAMILIAR,miércoles,MAÑANA,ALTO,0.5532836308788593,0.5532836308788593,0.4389103625607699,0.007806006560370876,20.0
Comuna Cabecera del Llano,VIOLENCIA INTRAFAMILIAR,miércoles,TARDE,MEDIO,0.729052370804649,0.2688740789831867,0.729052370804649,0.0020735502121640736,30.0
Comuna Cabecera del Llano,VIOLENCIA INTRAFAMILIAR,miércoles,NOCHE,MEDIO,0.789996248526155,0.20617809115541694,0.789996248526155,0.0038256603184279665,20.0
Comuna Cabecera del Llano,VIOLENCIA INTRAFAMILIAR,jueves,MADRUGADA,MEDIO,0.7959843887701425,0.19597622817983665,0.7959843887701425,0.008039383050020757,11.0
Comuna Cabecera del Llano,VIOLENCIA INTRAFAMILIAR,jueves,MAÑANA,MEDIO,0.5221815241815707,0.4724115419605488,0.5221815241815707,0.005406933857880502,22.0
Comuna Cabecera del Llano,VIOLENCIA INTRAFAMILIAR,jueves,TARDE,MEDIO,0.8340102538112043,0.16598974618879564,0.8340102538112043,0.0,21.0
Comuna Cabecera del Llano,VIOLENCIA INTRAFAMILIAR,jueves,NOCHE,MEDIO,0.8623351286702552,0.13766487132974475,0.8623351286702552,0.0,21.0
Comuna Cabecera del Llano,VIOLENCIA INTRAFAMILIAR,viernes,MADRUGADA,MEDIO,0.7805409085427221,0.19307666335155718,0.7805409085427221,0.02638242810572077,14.0
Comuna Cabecera del Llano,VIOLENCIA INTRAFAMILIAR,viernes,MAÑANA,MEDIO,0.5459085686839856,0.44833651527969826,0.5459085686839856,0.005754916036316018,25.0
Comuna Cabecera del Llano,VIOLENCIA INTRAFAMILIAR,viernes,TARDE,MEDIO,0.7361388313744526,0.2583229962702524,0.7361388313744526,0.00553817235529485,13.0
Comuna Cabecera del Llano,VIOLENCIA INTRAFAMILIAR,viernes,NOCHE,MEDIO,0.7925327950564396,0.20108259094469386,0.7925327950564396,0.006384613998866454,11.0
Comuna Cabecera del Llano,VIOLENCIA INTRAFAMILIAR,sábado,MADRUGADA,MEDIO,0.7579218838896071,0.2108264842025037,0.7579218838896071,0.031251631907889196,14.0
Comuna Cabecera del Llano,VIOLENCIA INTRAFAMILIAR,sábado,MAÑANA,MEDIO,0.6465794474457844,0.3406829306589174,0.6465794474457844,0.012737621895297858,18.0
Comuna Cabecera del Llano,VIOLENCIA INTRAFAMILIAR,sábado,TARDE,MEDIO,0.7876996987593827,0.20097550432233574,0.7876996987593827,0.011324796918281201,20.0
Comuna Cabecera del Llano,VIOLENCIA INTRAFAMILIAR,sábado,NOCHE,MEDIO,0.8324577473874507,0.15537101405069634,0.8324577473874507,0.012171238561852806,13.0
Comuna Cabecera del Llano,VIOLENCIA INTRAFAMILIAR,domingo,MADRUGADA,MEDIO,0.7294772225539455,0.25495380237632626,0.7294772225539455,0.01556897506972829,11.0
Comuna Cabecera del Llano,VIOLENCIA INTRAFAMILIAR,domingo,MAÑANA,MEDIO,0.6247715413780471,0.35675968448287143,0.6247715413780471,0.018468774139081226,20.0
Comuna Cabecera del Llano,VIOLENCIA INTRAFAMILIAR,domingo,TARDE,MEDIO,0.8304754268568151,0.15476433496879924,0.8304754268568151,0.01476023817438567,10.0
Comuna Cabecera del Llano,VIOLENCIA INTRAFAMILIAR,domingo,NOCHE,MEDIO,0.8203321435220424,0.1636487630788934,0.8203321435220424,0.0160190933990642,12.0
Comuna Centro,DELITOS CONTRA LA LIBERTAD,lunes,MADRUGADA,MEDIO,0.6395028657245618,0.05032851711143636,0.6395028657245618,0.31016861716400174,7.0
Comuna Centro,DELITOS CONTRA LA LIBERTAD,lunes,MAÑANA,MEDIO,0.5364973163362413,0.3949613819327161,0.5364973163362413,0.06854130173104242,46.0
Comuna Centro,DELITOS CONTRA LA LIBERTAD,lunes,TARDE,MEDIO,0.5213950115575353,0.37355623442172503,0.5213950115575353,0.10504875402073954,33.0
Comuna Centro,DELITOS CONTRA LA LIBERTAD,lunes,NOCHE,MEDIO,0.6393472899150933,0.15564514450598227,0.6393472899150933,0.20500756557892438,13.0
Comuna Centro,DELITOS CONTRA LA LIBERTAD,martes,MADRUGADA,MEDIO,0.529933805840345,0.03856210787703542,0.529933805840345,0.43150408628261966,9.0
Comuna Centro,DELITOS CONTRA LA LIBERTAD,martes,MAÑANA,MEDIO,0.6403152183543851,0.26395519371354065,0.6403152183543851,0.09572958793207388,35.0
Comuna Centro,DELITOS CONTRA LA LIBERTAD,martes,TARDE,MEDIO,0.5832273915702261,0.328716064646692,0.5832273915702261,0.08805654378308173,42.0
Comuna Centro,DELITOS CONTRA LA LIBERTAD,martes,NOCHE,MEDIO,0.6466378198728338,0.13201473529939992,0.6466378198728338,0.22134744482776633,13.0
Comuna Centro,DELITOS CONTRA LA LIBERTAD,miércoles,MADRUGADA,MEDIO,0.5526076142204547,0.022028231043918062,0.5526076142204547,0.42536415473562733,13.0
Comuna Centro,DELITOS CONTRA LA LIBERTAD,miércoles,MAÑANA,MEDIO,0.690199289966056,0.2518390589100554,0.690199289966056,0.057961651123888513,47.0
Comuna Centro,DELITOS CONTRA LA LIBERTAD,miércoles,TARDE,MEDIO,0.6218053698794169,0.31519547619306015,0.6218053698794169,0.06299915392752282,34.0
Comuna Centro,DELITOS CONTRA LA LIBERTAD,miércoles,NOCHE,MEDIO,0.7223804142702948,0.12263374468718202,0.7223804142702948,0.15498584104252353,14.0
Comuna Centro,DELITOS CONTRA LA LIBERTAD,jueves,MADRUGADA,MEDIO,0.5923530369090716,0.03458989564715034,0.5923530369090716,0.37305706744377815,17.0
Comuna Centro,DELITOS CONTRA LA LIBERTAD,jueves,MAÑANA,MEDIO,0.5626814250672423,0.30039932937173097,0.5626814250672423,0.13691924556102653,51.0
Comuna Centro,DELITOS CONTRA LA LIBERTAD,jueves,TARDE,MEDIO,0.49588093969956254,0.3170433532555325,0.49588093969956254,0.18707570704490478,42.0
Comuna Centro,DELITOS CONTRA LA LIBERTAD,jueves,NOCHE,MEDIO,0.5698937346144053,0.11770107145582483,0.5698937346144053,0.3124051939297699,12.0
Comuna Centro,DELITOS CONTRA LA LIBERTAD,viernes,MADRUGADA,MEDIO,0.5544053689020252,0.02935569116935469,0.5544053689020252,0.41623893992861993,13.0
Comuna Centro,DELITOS CONTRA LA LIBERTAD,viernes,MAÑANA,MEDIO,0.6746520178490187,0.27818296276793913,0.6746520178490187,0.04716501938304188,27.0
Comuna Centro,DELITOS CONTRA LA LIBERTAD,viernes,TARDE,MEDIO,0.6359553693182572,0.299704132713289,0.6359553693182572,0.06434049796845354,62.0
Comuna Centro,DELITOS CONTRA LA LIBERTAD,viernes,NOCHE,MEDIO,0.7564779033460922,0.1261993330170241,0.7564779033460922,0.1173227636368837,14.0
Comuna Centro,DELITOS CONTRA LA LIBERTAD,sábado,MADRUGADA,BAJO,0.5042681712568471,0.01792458167703937,0.4778072470661137,0.5042681712568471,6.0
Comuna Centro,DELITOS CONTRA LA LIBERTAD,sábado,MAÑANA,MEDIO,0.7245542692513449,0.1996280304121522,0.7245542692513449,0.07581770033650288,22.0
Comuna Centro,DELITOS CONTRA LA LIBERTAD,sábado,TARDE,MEDIO,0.6496673689088464,0.23776251559638645,0.6496673689088464,0.1125701154947672,18.0
Comuna Centro,DELITOS CONTRA LA LIBERTAD,sábado,NOCHE,MEDIO,0.7311471683918909,0.09721737529977777,0.7311471683918909,0.1716354563083316,13.0
Comuna Centro,DELITOS CONTRA LA LIBERTAD,domingo,MADRUGADA,MEDIO,0.5276066621420583,0.01722692475861862,0.5276066621420583,0.455166413099323,8.0
Comuna Centro,DELITOS CONTRA LA LIBERTAD,domingo,MAÑANA,MEDIO,0.6007286074196876,0.15991720537115536,0.6007286074196876,0.23935418720915672,12.0
Comuna Centro,DELITOS CONTRA LA LIBERTAD,domingo,TARDE,MEDIO,0.5622026273540158,0.18195332005042344,0.5622026273540158,0.2558440525955605,23.0
Comuna Centro,DELITOS CONTRA LA LIBERTAD,domingo,NOCHE,MEDIO,0.5764211467817189,0.06775934557532469,0.5764211467817189,0.3558195076429565,3.0
Comuna Centro,DELITOS CONTRA LA SEGURIDAD PUBLICA,lunes,MADRUGADA,ALTO,0.39622998376822827,0.39622998376822827,0.3617196296833523,0.24205038654841926,0.0
Comuna Centro,DELITOS CONTRA LA SEGURIDAD PUBLICA,lunes,MAÑANA,ALTO,0.4879890996198645,0.4879890996198645,0.37893841253565924,0.1330724878444762,0.0
Comuna Centro,DELITOS CONTRA LA SEGURIDAD PUBLICA,lunes,TARDE,ALTO,0.4892473496154125,0.4892473496154125,0.34680927326366356,0.16394337712092388,0.0
Comuna Centro,DELITOS CONTRA LA SEGURIDAD PUBLICA,lunes,NOCHE,ALTO,0.495708065594051,0.495708065594051,0.3412063463875428,0.16308558801840603,0.0
Comuna Centro,DELITOS CONTRA LA SEGURIDAD PUBLICA,martes,MADRUGADA,MEDIO,0.3847752127930034,0.37770296394148717,0.3847752127930034,0.23752182326550933,0.0
Comuna Centro,DELITOS CONTRA LA SEGURIDAD PUBLICA,martes,MAÑANA,ALTO,0.4858627837724342,0.4858627837724342,0.3921693682780814,0.1219678479494841,0.0
Comuna Centro,DELITOS CONTRA LA SEGURIDAD PUBLICA,martes,TARDE,ALTO,0.4922133730016043,0.4922133730016043,0.3599246421997343,0.1478619847986612,0.0
Comuna Centro,DELITOS CONTRA LA SEGURIDAD PUBLICA,martes,NOCHE,ALTO,0.49867408898024285,0.49867408898024285,0.3460886646540168,0.15523724636574027,0.0
Comuna Centro,DELITOS CONTRA LA SEGURIDAD PUBLICA,miércoles,MADRUGADA,MEDIO,0.40738656020250424,0.371504618728267,0.40738656020250424,0.2211088210692286,0.0
Comuna Centro,DELITOS CONTRA LA SEGURIDAD PUBLICA,miércoles,MAÑANA,ALTO,0.4915576409230725,0.4915576409230725,0.40831096193489913,0.10013139714202818,0.0
Comuna Centro,DELITOS CONTRA LA SEGURIDAD PUBLICA,miércoles,TARDE,ALTO,0.49844106898312035,0.49844106898312035,0.3836076966819124,0.11795123433496701,0.0
Comuna Centro,DELITOS CONTRA LA SEGURIDAD PUBLICA,miércoles,NOCHE,ALTO,0.5033820210802513,0.5033820210802513,0.36885862176178863,0.1277593571579598,0.0
Comuna Centro,DELITOS CONTRA LA SEGURIDAD PUBLICA,jueves,MADRUGADA,MEDIO,0.38240385992603854,0.3815673018539079,0.38240385992603854,0.2360288382200534,0.0
Comuna Centro,DELITOS CONTRA LA SEGURIDAD PUBLICA,jueves,MAÑANA,ALTO,0.4932886092373877,0.4932886092373877,0.3803362483571762,0.1263751424054359,0.0
Comuna Centro,DELITOS CONTRA LA SEGURIDAD PUBLICA,jueves,TARDE,ALTO,0.49508078076124024,0.49508078076124024,0.3519308249870318,0.15298839425172786,0.0
Comuna Centro,DELITOS CONTRA LA SEGURIDAD PUBLICA,jueves,NOCHE,ALTO,0.5034765043957701,0.5034765043957701,0.34430784410716614,0.15221565149706373,0.0
Comuna Centro,DELITOS CONTRA LA SEGURIDAD PUBLICA,viernes,MADRUGADA,ALTO,0.3970583523086274,0.3970583523086274,0.3905109780949164,0.2124306695964563,0.0
Comuna Centro,DELITOS CONTRA LA SEGURIDAD PUBLICA,viernes,MAÑANA,ALTO,0.49185806321012693,0.49185806321012693,0.42127356513758457,0.08686837165228833,0.0
Comuna Centro,DELITOS CONTRA LA SEGURIDAD PUBLICA,viernes,TARDE,ALTO,0.5084945908148358,0.5084945908148358,0.3841842487132442,0.10732116047191984,0.0
Comuna Centro,DELITOS CONTRA LA SEGURIDAD PUBLICA,viernes,NOCHE,ALTO,0.5110774246529118,0.5110774246529118,0.37483961449434383,0.1140829608527442,0.0
Comuna Centro,DELITOS CONTRA LA SEGURIDAD PUBLICA,sábado,MADRUGADA,ALTO,0.39110541364527196,0.39110541364527196,0.3621091357210605,0.24678545063366758,0.0
